#   r   lmenc_tot   lmenc_bar   lmenc_dm
#   [kpc]   [log10Msun]   [log10Msun]   [log10Msun]
0.000    0.000    0.000    0.000
0.100    9.120    9.118    6.669
0.200    9.479    9.477    7.266
0.300    9.671    9.667    7.612
0.400    9.798    9.793    7.857
0.500    9.893    9.887    8.045
0.600    9.969    9.961    8.198
0.700    10.032    10.023    8.327
0.800    10.085    10.075    8.438
0.900    10.133    10.121    8.535
1.000    10.175    10.162    8.622
1.100    10.213    10.199    8.699
1.200    10.247    10.233    8.770
1.300    10.279    10.263    8.834
1.400    10.309    10.292    8.894
1.500    10.337    10.318    8.949
1.600    10.363    10.343    9.000
1.700    10.387    10.367    9.048
1.800    10.410    10.389    9.093
1.900    10.432    10.410    9.135
2.000    10.453    10.429    9.175
2.100    10.473    10.448    9.213
2.200    10.492    10.466    9.248
2.300    10.510    10.483    9.282
2.400    10.527    10.499    9.315
2.500    10.544    10.515    9.346
2.600    10.559    10.530    9.375
2.700    10.575    10.544    9.403
2.800    10.589    10.558    9.431
2.900    10.603    10.571    9.457
3.000    10.617    10.584    9.482
3.100    10.630    10.596    9.506
3.200    10.643    10.608    9.529
3.300    10.655    10.619    9.551
3.400    10.667    10.630    9.573
3.500    10.678    10.641    9.594
3.600    10.689    10.651    9.614
3.700    10.700    10.661    9.634
3.800    10.710    10.670    9.653
3.900    10.720    10.680    9.671
4.000    10.730    10.689    9.689
4.100    10.739    10.697    9.707
4.200    10.749    10.706    9.723
4.300    10.757    10.714    9.740
4.400    10.766    10.721    9.756
4.500    10.774    10.729    9.771
4.600    10.782    10.736    9.786
4.700    10.790    10.743    9.801
4.800    10.798    10.750    9.816
4.900    10.805    10.757    9.830
5.000    10.813    10.763    9.843
5.100    10.820    10.770    9.857
5.200    10.827    10.776    9.870
5.300    10.833    10.782    9.882
5.400    10.840    10.787    9.895
5.500    10.846    10.793    9.907
5.600    10.852    10.798    9.919
5.700    10.858    10.804    9.931
5.800    10.864    10.809    9.942
5.900    10.870    10.814    9.953
6.000    10.875    10.818    9.964
6.100    10.881    10.823    9.975
6.200    10.886    10.828    9.985
6.300    10.891    10.832    9.996
6.400    10.896    10.836    10.006
6.500    10.901    10.840    10.016
6.600    10.906    10.845    10.025
6.700    10.911    10.849    10.035
6.800    10.915    10.852    10.044
6.900    10.920    10.856    10.054
7.000    10.924    10.860    10.063
7.100    10.928    10.863    10.071
7.200    10.932    10.867    10.080
7.300    10.936    10.870    10.089
7.400    10.941    10.873    10.097
7.500    10.944    10.876    10.106
7.600    10.948    10.879    10.114
7.700    10.952    10.882    10.122
7.800    10.955    10.885    10.130
7.900    10.959    10.888    10.137
8.000    10.963    10.891    10.145
8.100    10.966    10.894    10.152
8.200    10.969    10.896    10.160
8.300    10.972    10.899    10.167
8.400    10.976    10.901    10.174
8.500    10.979    10.903    10.181
8.600    10.982    10.906    10.188
8.700    10.985    10.908    10.195
8.800    10.988    10.910    10.202
8.900    10.991    10.913    10.209
9.000    10.994    10.915    10.215
9.100    10.996    10.917    10.222
9.200    10.999    10.918    10.228
9.300    11.002    10.920    10.234
9.400    11.004    10.922    10.241
9.500    11.007    10.924    10.247
9.600    11.010    10.926    10.253
9.700    11.012    10.928    10.259
9.800    11.015    10.930    10.265
9.900    11.017    10.931    10.271
10.000    11.019    10.933    10.276
10.100    11.021    10.934    10.282
10.200    11.024    10.936    10.288
10.300    11.026    10.937    10.293
10.400    11.028    10.939    10.299
10.500    11.030    10.940    10.304
10.600    11.033    10.942    10.309
10.700    11.035    10.943    10.314
10.800    11.037    10.944    10.320
10.900    11.039    10.945    10.325
11.000    11.041    10.947    10.330
11.100    11.042    10.948    10.335
11.200    11.044    10.949    10.340
11.300    11.046    10.950    10.345
11.400    11.048    10.951    10.350
11.500    11.050    10.952    10.354
11.600    11.052    10.953    10.359
11.700    11.054    10.955    10.364
11.800    11.055    10.955    10.368
11.900    11.057    10.956    10.373
12.000    11.059    10.957    10.378
12.100    11.060    10.958    10.382
12.200    11.062    10.959    10.386
12.300    11.064    10.960    10.391
12.400    11.065    10.961    10.395
12.500    11.067    10.962    10.399
12.600    11.068    10.963    10.404
12.700    11.070    10.963    10.408
12.800    11.072    10.964    10.412
12.900    11.073    10.965    10.416
13.000    11.074    10.966    10.420
13.100    11.076    10.966    10.424
13.200    11.077    10.967    10.428
13.300    11.079    10.968    10.432
13.400    11.080    10.968    10.436
13.500    11.081    10.969    10.440
13.600    11.083    10.969    10.444
13.700    11.084    10.970    10.448
13.800    11.085    10.971    10.451
13.900    11.087    10.971    10.455
14.000    11.088    10.972    10.459
14.100    11.089    10.973    10.462
14.200    11.091    10.973    10.466
14.300    11.092    10.973    10.470
14.400    11.093    10.974    10.473
14.500    11.094    10.974    10.477
14.600    11.095    10.975    10.480
14.700    11.097    10.975    10.484
14.800    11.098    10.976    10.487
14.900    11.099    10.976    10.490
15.000    11.100    10.977    10.494
15.100    11.101    10.977    10.497
15.200    11.103    10.978    10.500
15.300    11.104    10.978    10.504
15.400    11.105    10.978    10.507
15.500    11.106    10.979    10.510
15.600    11.107    10.979    10.513
15.700    11.108    10.979    10.517
15.800    11.109    10.980    10.520
15.900    11.110    10.980    10.523
16.000    11.111    10.980    10.526
16.100    11.112    10.981    10.529
16.200    11.113    10.981    10.532
16.300    11.114    10.981    10.535
16.400    11.115    10.982    10.538
16.500    11.116    10.982    10.541
16.600    11.117    10.982    10.544
16.700    11.118    10.983    10.547
16.800    11.119    10.983    10.550
16.900    11.120    10.983    10.553
17.000    11.121    10.983    10.555
17.100    11.122    10.984    10.558
17.200    11.123    10.984    10.561
17.300    11.124    10.984    10.564
17.400    11.125    10.984    10.567
17.500    11.126    10.985    10.569
17.600    11.127    10.985    10.572
17.700    11.128    10.985    10.575
17.800    11.129    10.985    10.577
17.900    11.129    10.985    10.580
18.000    11.130    10.986    10.583
18.100    11.131    10.986    10.585
18.200    11.132    10.986    10.588
18.300    11.133    10.986    10.590
18.400    11.134    10.986    10.593
18.500    11.135    10.987    10.596
18.600    11.136    10.987    10.598
18.700    11.136    10.987    10.601
18.800    11.137    10.987    10.603
18.900    11.138    10.987    10.606
19.000    11.139    10.987    10.608
19.100    11.140    10.987    10.610
19.200    11.140    10.988    10.613
19.300    11.141    10.988    10.615
19.400    11.142    10.988    10.618
19.500    11.143    10.988    10.620
19.600    11.144    10.988    10.622
19.700    11.144    10.988    10.625
19.800    11.145    10.988    10.627
19.900    11.146    10.989    10.629
20.000    11.147    10.989    10.632
20.100    11.148    10.989    10.634
20.200    11.148    10.989    10.636
20.300    11.149    10.989    10.638
20.400    11.150    10.989    10.641
20.500    11.151    10.989    10.643
20.600    11.151    10.989    10.645
20.700    11.152    10.989    10.647
20.800    11.153    10.990    10.649
20.900    11.154    10.990    10.651
21.000    11.154    10.990    10.654
21.100    11.155    10.990    10.656
21.200    11.156    10.990    10.658
21.300    11.157    10.990    10.660
21.400    11.157    10.990    10.662
21.500    11.158    10.990    10.664
21.600    11.159    10.990    10.666
21.700    11.159    10.990    10.668
21.800    11.160    10.990    10.670
21.900    11.161    10.990    10.672
22.000    11.162    10.991    10.674
22.100    11.162    10.991    10.676
22.200    11.163    10.991    10.678
22.300    11.164    10.991    10.680
22.400    11.164    10.991    10.682
22.500    11.165    10.991    10.684
22.600    11.166    10.991    10.686
22.700    11.166    10.991    10.688
22.800    11.167    10.991    10.690
22.900    11.168    10.991    10.692
23.000    11.168    10.991    10.694
23.100    11.169    10.991    10.695
23.200    11.170    10.991    10.697
23.300    11.170    10.991    10.699
23.400    11.171    10.991    10.701
23.500    11.172    10.991    10.703
23.600    11.172    10.991    10.705
23.700    11.173    10.991    10.706
23.800    11.174    10.992    10.708
23.900    11.174    10.992    10.710
24.000    11.175    10.992    10.712
24.100    11.176    10.992    10.714
24.200    11.176    10.992    10.715
24.300    11.177    10.992    10.717
24.400    11.177    10.992    10.719
24.500    11.178    10.992    10.721
24.600    11.179    10.992    10.722
24.700    11.179    10.992    10.724
24.800    11.180    10.992    10.726
24.900    11.181    10.992    10.727
25.000    11.181    10.992    10.729
25.100    11.182    10.992    10.731
25.200    11.182    10.992    10.732
25.300    11.183    10.992    10.734
25.400    11.184    10.992    10.736
25.500    11.184    10.992    10.737
25.600    11.185    10.992    10.739
25.700    11.185    10.992    10.741
25.800    11.186    10.992    10.742
25.900    11.187    10.992    10.744
26.000    11.187    10.992    10.745
26.100    11.188    10.992    10.747
26.200    11.188    10.992    10.749
26.300    11.189    10.992    10.750
26.400    11.190    10.992    10.752
26.500    11.190    10.992    10.753
26.600    11.191    10.992    10.755
26.700    11.191    10.992    10.756
26.800    11.192    10.993    10.758
26.900    11.192    10.993    10.759
27.000    11.193    10.993    10.761
27.100    11.194    10.993    10.762
27.200    11.194    10.993    10.764
27.300    11.195    10.993    10.765
27.400    11.195    10.993    10.767
27.500    11.196    10.993    10.768
27.600    11.196    10.993    10.770
27.700    11.197    10.993    10.771
27.800    11.197    10.993    10.773
27.900    11.198    10.993    10.774
28.000    11.199    10.993    10.776
28.100    11.199    10.993    10.777
28.200    11.200    10.993    10.778
28.300    11.200    10.993    10.780
28.400    11.201    10.993    10.781
28.500    11.201    10.993    10.783
28.600    11.202    10.993    10.784
28.700    11.202    10.993    10.785
28.800    11.203    10.993    10.787
28.900    11.203    10.993    10.788
29.000    11.204    10.993    10.790
29.100    11.205    10.993    10.791
29.200    11.205    10.993    10.792
29.300    11.206    10.993    10.794
29.400    11.206    10.993    10.795
29.500    11.207    10.993    10.796
29.600    11.207    10.993    10.798
29.700    11.208    10.993    10.799
29.800    11.208    10.993    10.800
29.900    11.209    10.993    10.802
30.000    11.209    10.993    10.803
30.100    11.210    10.993    10.804
30.200    11.210    10.993    10.805
30.300    11.211    10.993    10.807
30.400    11.211    10.993    10.808
30.500    11.212    10.993    10.809
30.600    11.212    10.993    10.811
30.700    11.213    10.993    10.812
30.800    11.213    10.993    10.813
30.900    11.214    10.993    10.814
31.000    11.214    10.993    10.816
31.100    11.215    10.993    10.817
31.200    11.215    10.993    10.818
31.300    11.216    10.993    10.819
31.400    11.216    10.993    10.821
31.500    11.217    10.993    10.822
31.600    11.217    10.993    10.823
31.700    11.218    10.993    10.824
31.800    11.218    10.993    10.825
31.900    11.219    10.993    10.827
32.000    11.219    10.993    10.828
32.100    11.220    10.993    10.829
32.200    11.220    10.993    10.830
32.300    11.221    10.993    10.831
32.400    11.221    10.993    10.833
32.500    11.222    10.993    10.834
32.600    11.222    10.993    10.835
32.700    11.223    10.993    10.836
32.800    11.223    10.993    10.837
32.900    11.224    10.993    10.838
33.000    11.224    10.993    10.840
33.100    11.225    10.993    10.841
33.200    11.225    10.993    10.842
33.300    11.226    10.993    10.843
33.400    11.226    10.993    10.844
33.500    11.227    10.993    10.845
33.600    11.227    10.993    10.846
33.700    11.227    10.993    10.847
33.800    11.228    10.993    10.849
33.900    11.228    10.993    10.850
34.000    11.229    10.993    10.851
34.100    11.229    10.993    10.852
34.200    11.230    10.993    10.853
34.300    11.230    10.993    10.854
34.400    11.231    10.993    10.855
34.500    11.231    10.993    10.856
34.600    11.232    10.993    10.857
34.700    11.232    10.993    10.858
34.800    11.233    10.993    10.859
34.900    11.233    10.993    10.860
35.000    11.233    10.993    10.861
35.100    11.234    10.993    10.863
35.200    11.234    10.993    10.864
35.300    11.235    10.993    10.865
35.400    11.235    10.993    10.866
35.500    11.236    10.993    10.867
35.600    11.236    10.993    10.868
35.700    11.237    10.993    10.869
35.800    11.237    10.993    10.870
35.900    11.237    10.993    10.871
36.000    11.238    10.993    10.872
36.100    11.238    10.993    10.873
36.200    11.239    10.993    10.874
36.300    11.239    10.993    10.875
36.400    11.240    10.993    10.876
36.500    11.240    10.993    10.877
36.600    11.240    10.993    10.878
36.700    11.241    10.993    10.879
36.800    11.241    10.993    10.880
36.900    11.242    10.993    10.881
37.000    11.242    10.993    10.882
37.100    11.243    10.993    10.883
37.200    11.243    10.993    10.884
37.300    11.243    10.993    10.885
37.400    11.244    10.993    10.886
37.500    11.244    10.993    10.887
37.600    11.245    10.993    10.888
37.700    11.245    10.993    10.888
37.800    11.246    10.993    10.889
37.900    11.246    10.993    10.890
38.000    11.246    10.993    10.891
38.100    11.247    10.993    10.892
38.200    11.247    10.993    10.893
38.300    11.248    10.993    10.894
38.400    11.248    10.994    10.895
38.500    11.249    10.994    10.896
38.600    11.249    10.994    10.897
38.700    11.249    10.994    10.898
38.800    11.250    10.994    10.899
38.900    11.250    10.994    10.900
39.000    11.251    10.994    10.901
39.100    11.251    10.994    10.901
39.200    11.251    10.994    10.902
39.300    11.252    10.994    10.903
39.400    11.252    10.994    10.904
39.500    11.253    10.994    10.905
39.600    11.253    10.994    10.906
39.700    11.253    10.994    10.907
39.800    11.254    10.994    10.908
39.900    11.254    10.994    10.909
40.000    11.255    10.994    10.909
